HEDERA_NETWORK = "testnet"
CONTRACT_ID = 0.0.49354438

MY_ACCOUNT_ID = 0.0.3833914
MY_PRIVATE_KEY = 302e020100300506032b657004220420f8a91e8e975510bdc673758183312ea71d5345c1c1b5a26911c577e1a16e02b3
MY_PUBLIC_KEY = 302a300506032b6570032100fb655e54a596922aeda7f333edf7059b2556b286f5688f7b03ebb21cd7cd0645

PRIVATE_KEY_1 = 302e020100300506032b657004220420089d940be3ac252d642fb1423575b568d01e5311012b52ea19dc6ff8016164b2
PUBLIC_KEY_1 = 302a300506032b6570032100eed8cae0d71a363826c8d4b56d56ff4b3448c6fbbac7e4c36b6c212111dc8745
ACCOUNT_ID_1 = 0.0.3904550

PRIVATE_KEY_2 = 302e020100300506032b657004220420322dc42746510b37a65c85a1fbd9fa9ccae9e872e70c886de5eeeba5374b85c0
PUBLIC_KEY_2 = 302a300506032b65700321007bfe0273288d7a2b74cf0c5add4dc1203cde26a48be01f9844102c1f25671311
ACCOUNT_ID_2 = 0.0.3904553

PRIVATE_KEY_3 = 302e020100300506032b657004220420c536f55f6ba4ce4a54f204fcc0e7f3147027023b7f3199c0702f8b2d3a51eccd
PUBLIC_KEY_3 = 302a300506032b65700321007c01c38dc9720c2af86bd9918720cbd0011a0cae01c14e1793ce44d725013fec
ACCOUNT_ID_3 = 0.0.3904556

PRIVATE_KEY_4 = 302e020100300506032b657004220420e087657fed6f56e47e8bd0707664b9d1277822ae196bf849c44aef34e9645c23
PUBLIC_KEY_4 = 302a300506032b657003210001c60b2255c4ff35cfad1438a4e361770f79239b7ad7bfc07f8504cf7db9dbf1
ACCOUNT_ID_4 = 0.0.3904559

PRIVATE_KEY_5 = 302e020100300506032b657004220420393611af4ae274a0695dfc1d66c8c79a346721ae7ea549ea67ffe156018ada43
PUBLIC_KEY_5 = 302a300506032b6570032100842b3383a15ea85bac5a02c926aab8e1d0adcb5119c2a83af76c2ab7986650c3
ACCOUNT_ID_5 = 0.0.3904560